Case #1: -1
Case #2: 6 12 8 8 8 4 1
Case #3: 17 24 2 1 1 1 1 1 1 1 1 1 1 1 1 1 1 1
Case #4: 4 27 10 3 1
Case #5: 16 8 3 3 3 3 3 3 3 3 3 1 1 1 1 1 1
Case #6: -1
Case #7: 10 10 9 9 5 3 1 1 1 1 1
Case #8: 37 5 1 1 1 1 1 1 1 1 1 1 1 1 1 1 1 1 1 1 1 1 1 1 1 1 1 1 1 1 1 1 1 1 1 1 1 1
Case #9: 6 21 11 5 2 1 1
Case #10: -1
Case #11: 6 19 16 3 1 1 1
Case #12: -1
Case #13: -1
Case #14: -1
Case #15: 3 27 9 5
Case #16: 4 18 15 5 3
Case #17: 6 15 12 8 4 1 1
Case #18: 5 17 16 6 1 1
Case #19: -1
Case #20: 16 8 7 3 3 3 3 3 3 1 1 1 1 1 1 1 1
Case #21: -1
Case #22: -1
Case #23: 5 14 12 9 5 1
Case #24: -1
Case #25: 10 10 8 7 7 4 1 1 1 1 1
Case #26: 13 6 5 4 4 4 4 4 4 2 1 1 1 1
Case #27: 10 12 9 5 5 5 1 1 1 1 1
Case #28: 3 33 6 2
Case #29: 12 8 8 7 7 4 1 1 1 1 1 1 1
Case #30: 10 6 6 6 4 4 4 4 4 2 1
Case #31: 16 25 2 1 1 1 1 1 1 1 1 1 1 1 1 1 1
Case #32: 3 19 16 6
Case #33: 14 8 6 6 3 3 3 3 3 1 1 1 1 1 1
Case #34: -1
Case #35: -1
Case #36: 7 15 11 8 4 1 1 1
Case #37: -1
Case #38: -1
Case #39: 4 21 10 5 5
Case #40: 4 16 13 9 3
Case #41: 6 24 12 2 1 1 1
Case #42: 21 19 3 1 1 1 1 1 1 1 1 1 1 1 1 1 1 1 1 1 1 1
Case #43: -1
Case #44: -1
Case #45: 7 9 8 5 5 5 5 4
Case #46: 27 11 5 1 1 1 1 1 1 1 1 1 1 1 1 1 1 1 1 1 1 1 1 1 1 1 1 1
Case #47: 9 9 8 6 5 5 5 1 1 1
Case #48: 6 9 9 8 7 6 2
Case #49: 6 9 8 8 8 5 3
Case #50: 7 8 8 7 7 5 3 3
Case #51: 13 25 5 1 1 1 1 1 1 1 1 1 1 1
Case #52: 5 15 10 10 5 1
Case #53: -1
Case #54: 5 10 9 9 7 6
Case #55: 7 14 9 9 6 1 1 1
Case #56: 9 16 9 9 2 1 1 1 1 1
Case #57: 9 27 7 1 1 1 1 1 1 1
Case #58: 9 9 9 8 5 5 2 1 1 1
Case #59: 6 20 13 3 3 1 1
Case #60: -1
Case #61: 8 8 6 5 5 5 5 5 2
Case #62: -1
Case #63: 10 6 5 5 4 4 4 4 4 4 1
Case #64: -1
Case #65: 19 21 3 1 1 1 1 1 1 1 1 1 1 1 1 1 1 1 1 1
Case #66: 7 9 9 7 7 6 2 1
Case #67: 7 8 8 8 8 6 2 1
Case #68: 14 8 3 3 3 3 3 3 3 3 3 3 1 1 1
Case #69: 13 19 7 5 1 1 1 1 1 1 1 1 1 1
Case #70: 5 12 12 8 8 1
Case #71: -1
Case #72: 6 16 5 5 5 5 5
Case #73: 6 32 5 1 1 1 1
Case #74: 4 22 9 7 3
Case #75: -1
Case #76: 5 13 12 7 7 2
Case #77: 5 35 3 1 1 1
Case #78: 5 18 14 6 2 1
Case #79: 15 5 4 4 4 3 3 3 3 3 3 2 1 1 1 1
Case #80: 9 6 6 6 6 6 4 4 2 1
Case #81: -1
Case #82: -1
Case #83: 7 15 15 5 3 1 1 1
Case #84: -1
Case #85: 6 12 11 5 5 5 3
Case #86: 5 27 5 5 3 1
Case #87: 5 12 12 11 4 2
Case #88: 22 20 1 1 1 1 1 1 1 1 1 1 1 1 1 1 1 1 1 1 1 1 1
Case #89: 7 8 8 7 5 5 5 3
Case #90: -1
Case #91: 6 9 8 8 8 6 2
Case #92: 6 8 8 8 8 5 4
Case #93: 5 18 16 5 1 1
Case #94: 21 13 9 1 1 1 1 1 1 1 1 1 1 1 1 1 1 1 1 1 1 1
Case #95: 6 19 17 2 1 1 1
Case #96: -1
Case #97: 9 8 6 5 5 5 5 3 3 1
Case #98: -1
Case #99: 9 8 8 7 7 7 1 1 1 1
Case #100: -1
Case #101: 6 10 10 10 8 2 1
Case #102: 12 18 5 5 5 1 1 1 1 1 1 1 1
Case #103: 15 27 1 1 1 1 1 1 1 1 1 1 1 1 1 1
Case #104: 11 8 6 5 3 3 3 3 3 3 3 1
Case #105: 34 8 1 1 1 1 1 1 1 1 1 1 1 1 1 1 1 1 1 1 1 1 1 1 1 1 1 1 1 1 1 1 1 1 1
Case #106: 9 6 6 6 5 4 4 4 4 2
Case #107: 8 9 5 5 5 5 5 5 2
Case #108: 10 8 7 7 5 5 5 1 1 1 1
Case #109: 6 18 10 10 1 1 1
Case #110: 6 28 5 5 1 1 1
Case #111: 8 14 9 7 5 3 1 1 1
Case #112: 6 18 14 5 2 1 1
Case #113: 12 8 6 6 5 3 3 3 3 1 1 1 1
Case #114: 6 13 11 10 3 3 1
Case #115: -1
Case #116: 5 16 10 5 5 5
Case #117: 9 9 7 6 5 5 5 2 1 1
Case #118: 4 16 15 5 5
Case #119: 6 15 8 8 8 1 1
Case #120: 13 5 4 4 4 4 4 4 4 4 1 1 1 1
Case #121: -1
Case #122: -1
Case #123: -1
Case #124: -1
Case #125: 7 12 12 5 5 5 1 1
Case #126: -1
Case #127: -1
Case #128: -1
Case #129: -1
Case #130: 6 13 10 9 5 3 1
Case #131: 5 18 10 10 2 1
Case #132: -1
Case #133: 11 6 5 5 5 5 4 4 4 1 1 1
Case #134: 4 18 13 7 3
Case #135: 5 11 9 9 8 4
Case #136: 8 16 10 10 1 1 1 1 1
Case #137: 6 22 10 5 2 1 1
Case #138: 7 13 12 7 6 1 1 1
Case #139: 7 11 10 8 7 3 1 1
Case #140: -1
Case #141: 4 20 15 5 1
Case #142: 12 7 6 5 3 3 3 3 3 3 3 1 1
Case #143: -1
Case #144: 6 9 9 7 6 5 5
Case #145: -1
Case #146: 8 9 9 8 5 5 3 1 1
Case #147: 17 25 1 1 1 1 1 1 1 1 1 1 1 1 1 1 1 1
Case #148: 19 20 4 1 1 1 1 1 1 1 1 1 1 1 1 1 1 1 1 1
Case #149: 9 7 6 6 6 5 4 4 2 1
Case #150: 7 10 8 8 8 4 2 1
Case #151: -1
Case #152: 8 20 7 7 3 1 1 1 1
Case #153: 5 12 12 7 5 5
Case #154: -1
Case #155: -1
Case #156: 4 20 13 6 2
Case #157: -1
Case #158: -1
Case #159: -1
Case #160: 8 9 9 8 8 4 1 1 1
Case #161: -1
Case #162: 12 8 8 6 3 3 3 3 3 1 1 1 1
Case #163: -1
Case #164: 10 7 7 6 5 5 3 3 3 1 1
Case #165: 11 31 1 1 1 1 1 1 1 1 1 1
Case #166: -1
Case #167: 8 6 6 6 6 6 5 4 2
Case #168: 9 8 8 6 6 3 3 3 3 1
Case #169: 5 10 10 7 7 7
Case #170: 5 12 12 7 7 3
Case #171: 11 8 6 5 5 5 3 3 3 1 1 1
Case #172: 4 16 16 5 4
Case #173: 8 10 8 8 8 4 1 1 1
Case #174: -1
Case #175: 11 8 6 5 5 3 3 3 3 3 1 1
Case #176: -1
Case #177: 4 11 10 10 10
Case #178: -1
Case #179: 7 10 9 8 8 4 1 1
Case #180: -1
Case #181: 10 8 8 6 5 5 5 1 1 1 1
Case #182: -1
Case #183: 4 14 12 10 5
Case #184: 8 9 8 6 5 5 5 2 1
Case #185: 6 12 11 7 5 5 1
Case #186: 6 13 10 8 7 2 1
Case #187: 20 22 1 1 1 1 1 1 1 1 1 1 1 1 1 1 1 1 1 1 1
Case #188: 10 6 6 5 5 4 4 4 4 2 1
Case #189: 3 21 14 6
Case #190: 7 9 9 8 5 5 4 1
Case #191: 5 15 13 10 2 1
Case #192: 7 8 8 8 5 5 5 2
Case #193: 4 32 7 1 1
Case #194: 24 18 1 1 1 1 1 1 1 1 1 1 1 1 1 1 1 1 1 1 1 1 1 1 1
Case #195: -1
Case #196: 10 12 11 5 5 3 1 1 1 1 1
Case #197: -1
Case #198: 11 7 6 6 5 5 3 3 3 1 1 1
Case #199: 4 34 5 1 1
Case #200: 8 15 10 8 4 1 1 1 1
Case #201: -1
Case #202: 9 8 7 7 6 5 5 1 1 1
Case #203: 6 10 10 8 8 4 1
Case #204: 7 9 9 9 6 5 2 1
Case #205: 14 10 9 5 5 3 1 1 1 1 1 1 1 1 1
Case #206: 4 24 10 5 2
Case #207: -1
Case #208: -1
Case #209: 14 8 5 3 3 3 3 3 3 3 3 1 1 1 1
Case #210: 13 8 8 3 3 3 3 3 3 3 1 1 1 1
Case #211: -1
Case #212: -1
Case #213: 4 18 11 7 5
Case #214: -1
Case #215: -1
Case #216: -1
Case #217: 5 21 9 9 1 1
Case #218: -1
Case #219: 8 34 1 1 1 1 1 1 1
Case #220: 10 8 8 6 5 3 3 3 3 1 1
Case #221: 21 21 1 1 1 1 1 1 1 1 1 1 1 1 1 1 1 1 1 1 1 1
Case #222: 9 8 8 5 5 3 3 3 3 3
Case #223: -1
Case #224: -1
Case #225: 6 10 10 8 8 3 2
Case #226: -1
Case #227: 9 9 9 8 8 3 1 1 1 1
Case #228: 4 18 11 10 2
Case #229: 3 32 7 2
Case #230: 13 26 4 1 1 1 1 1 1 1 1 1 1 1
Case #231: 16 26 1 1 1 1 1 1 1 1 1 1 1 1 1 1 1
Case #232: 5 11 11 9 8 2
Case #233: 9 10 8 8 7 4 1 1 1 1
Case #234: -1
Case #235: 15 25 3 1 1 1 1 1 1 1 1 1 1 1 1 1
Case #236: -1
Case #237: 8 8 8 8 7 3 3 3 1
Case #238: 8 10 9 8 7 4 1 1 1
Case #239: 9 8 7 6 5 3 3 3 3 3
Case #240: -1
Case #241: 15 6 6 5 3 3 3 3 3 3 1 1 1 1 1 1
Case #242: 10 8 5 5 5 5 3 3 3 3 1
Case #243: 4 27 8 4 2
Case #244: -1
Case #245: -1
Case #246: 13 21 7 3 1 1 1 1 1 1 1 1 1 1
Case #247: -1
Case #248: 3 18 17 6
Case #249: 27 15 1 1 1 1 1 1 1 1 1 1 1 1 1 1 1 1 1 1 1 1 1 1 1 1 1 1
Case #250: 6 8 8 8 7 5 5
Case #251: 7 8 8 7 7 6 3 2
Case #252: 7 12 12 7 5 3 1 1
Case #253: -1
Case #254: -1
Case #255: -1
Case #256: 8 7 6 6 6 5 5 4 2
Case #257: 8 8 8 8 5 3 3 3 3
Case #258: -1
Case #259: 10 8 7 6 6 5 3 3 1 1 1
Case #260: 6 8 8 8 8 7 2
Case #261: 6 18 9 9 3 1 1
Case #262: 11 8 8 7 3 3 3 3 3 1 1 1
Case #263: -1
Case #264: 4 15 11 10 5
Case #265: 5 16 15 7 2 1
Case #266: -1
Case #267: 6 10 9 8 7 6 1
Case #268: 6 20 9 9 1 1 1
Case #269: 12 7 7 5 4 4 4 4 2 1 1 1 1
Case #270: 15 8 6 3 3 3 3 3 3 3 1 1 1 1 1 1
Case #271: 7 9 8 8 7 5 3 1
Case #272: 5 10 10 9 8 4
Case #273: 8 17 16 3 1 1 1 1 1
Case #274: -1
Case #275: 7 12 7 7 7 6 1 1
Case #276: -1
Case #277: 7 9 8 7 6 5 5 1
Case #278: 9 7 7 6 5 5 4 4 2 1
Case #279: -1
Case #280: 5 15 15 5 5 1
Case #281: -1
Case #282: -1
Case #283: -1
Case #284: 10 7 6 6 6 4 4 4 2 1 1
Case #285: -1
Case #286: 6 9 8 7 7 7 3
Case #287: -1
Case #288: 8 8 8 7 6 3 3 3 3
Case #289: 7 14 10 9 3 3 1 1
Case #290: 11 6 6 5 4 4 4 4 4 2 1 1
Case #291: -1
Case #292: -1
Case #293: 8 12 8 7 7 4 1 1 1
Case #294: 8 12 9 7 7 3 1 1 1
Case #295: 9 8 8 6 6 5 3 3 1 1
Case #296: 13 6 5 5 4 4 4 4 4 1 1 1 1 1
Case #297: 7 12 10 8 7 2 1 1
Case #298: 9 15 9 9 3 1 1 1 1 1
Case #299: 15 9 9 5 5 3 1 1 1 1 1 1 1 1 1 1
Case #300: 4 15 10 8 8
Case #301: -1
Case #302: 10 7 6 6 5 5 4 4 2 1 1
Case #303: 19 19 5 1 1 1 1 1 1 1 1 1 1 1 1 1 1 1 1 1
Case #304: 7 15 12 9 2 1 1 1
Case #305: -1
Case #306: 9 33 1 1 1 1 1 1 1 1
Case #307: 6 20 9 7 3 1 1
Case #308: -1
Case #309: 5 10 9 8 8 6
Case #310: -1
Case #311: 10 12 8 7 7 2 1 1 1 1 1
Case #312: 29 7 7 1 1 1 1 1 1 1 1 1 1 1 1 1 1 1 1 1 1 1 1 1 1 1 1 1 1 1
Case #313: 4 28 5 5 3
Case #314: -1
Case #315: -1
Case #316: 13 6 6 5 3 3 3 3 3 3 3 1 1 1
Case #317: 7 19 7 7 5 1 1 1
Case #318: 4 18 16 5 2
Case #319: 6 10 9 9 8 4 1
Case #320: 5 12 11 10 5 3
Case #321: 5 16 11 9 3 2
Case #322: 10 8 7 6 5 5 5 2 1 1 1
Case #323: -1
Case #324: -1
Case #325: -1
Case #326: -1
Case #327: 15 26 2 1 1 1 1 1 1 1 1 1 1 1 1 1
Case #328: 4 15 14 8 4
Case #329: -1
Case #330: 5 36 2 1 1 1
Case #331: 41 1 1 1 1 1 1 1 1 1 1 1 1 1 1 1 1 1 1 1 1 1 1 1 1 1 1 1 1 1 1 1 1 1 1 1 1 1 1 1 1 1
Case #332: 4 18 9 7 7
Case #333: 5 16 16 6 2 1
Case #334: 6 9 8 8 6 5 5
Case #335: 4 16 11 7 7
Case #336: -1
Case #337: 10 8 7 6 6 3 3 3 3 1 1
Case #338: 5 12 12 8 7 2
Case #339: 7 8 7 7 6 5 5 3
Case #340: 11 8 8 5 3 3 3 3 3 3 1 1
Case #341: 14 8 5 5 3 3 3 3 3 3 1 1 1 1 1
Case #342: 7 8 8 8 7 6 3 1
Case #343: -1
Case #344: 10 8 8 7 6 3 3 3 1 1 1
Case #345: 5 14 11 9 6 1
Case #346: -1
Case #347: -1
Case #348: -1
Case #349: -1
Case #350: -1
Case #351: 3 23 17 1
Case #352: 18 6 5 3 3 3 3 3 3 3 1 1 1 1 1 1 1 1 1
Case #353: 13 4 4 4 4 4 4 4 4 4 2 1 1 1
Case #354: 6 10 9 8 8 4 2
Case #355: 5 11 10 9 8 3
Case #356: 4 14 12 11 4
Case #357: 7 13 12 10 3 1 1 1
Case #358: 3 30 9 2
Case #359: -1
Case #360: 4 18 17 5 1
Case #361: 6 9 9 9 7 5 2
Case #362: -1
Case #363: 6 11 10 9 8 2 1
Case #364: -1
Case #365: 9 9 8 8 5 5 3 1 1 1
Case #366: 5 12 10 9 5 5
Case #367: 6 12 11 9 5 3 1
Case #368: 6 14 13 8 4 1 1
Case #369: 22 14 7 1 1 1 1 1 1 1 1 1 1 1 1 1 1 1 1 1 1 1 1
Case #370: 7 9 9 8 7 6 1 1
Case #371: 6 8 8 8 6 6 5
Case #372: -1
Case #373: -1
Case #374: -1
Case #375: 8 10 9 8 8 3 1 1 1
Case #376: 7 16 14 6 2 1 1 1
Case #377: -1
Case #378: 8 9 8 8 7 6 1 1 1
Case #379: 4 17 16 6 2
Case #380: 5 9 8 8 8 8
Case #381: 7 8 8 7 6 5 5 2
Case #382: -1
Case #383: 19 23 1 1 1 1 1 1 1 1 1 1 1 1 1 1 1 1 1 1
Case #384: 7 12 10 7 7 3 1 1
Case #385: 5 16 9 9 6 1
Case #386: 7 9 9 8 7 5 2 1
Case #387: 8 18 7 7 5 1 1 1 1
Case #388: -1
Case #389: 32 10 1 1 1 1 1 1 1 1 1 1 1 1 1 1 1 1 1 1 1 1 1 1 1 1 1 1 1 1 1 1 1
Case #390: -1
Case #391: 11 8 8 5 5 3 3 3 3 1 1 1
Case #392: 5 16 14 7 3 1
Case #393: 8 8 7 7 7 5 3 3 1
Case #394: 10 8 7 5 5 3 3 3 3 3 1
Case #395: -1
Case #396: 9 8 8 7 5 3 3 3 3 1
Case #397: -1
Case #398: 12 8 8 5 5 5 4 1 1 1 1 1 1
Case #399: 6 16 9 7 7 1 1
Case #400: 5 12 12 9 5 3
Case #401: 7 8 8 5 5 5 5 5
Case #402: 25 11 7 1 1 1 1 1 1 1 1 1 1 1 1 1 1 1 1 1 1 1 1 1 1 1
Case #403: 7 9 7 7 6 5 5 2
Case #404: 12 28 3 1 1 1 1 1 1 1 1 1 1
Case #405: 9 9 8 7 5 5 4 1 1 1
Case #406: 7 11 9 8 7 4 1 1
Case #407: -1
Case #408: 8 9 9 5 5 5 5 2 1
Case #409: -1
Case #410: 14 6 5 5 5 3 3 3 3 3 1 1 1 1 1
Case #411: 36 6 1 1 1 1 1 1 1 1 1 1 1 1 1 1 1 1 1 1 1 1 1 1 1 1 1 1 1 1 1 1 1 1 1 1 1
Case #412: 11 8 7 6 5 3 3 3 3 1 1 1
Case #413: 9 11 8 8 8 2 1 1 1 1
Case #414: 13 8 6 5 3 3 3 3 3 3 1 1 1 1
Case #415: -1
Case #416: 13 29 1 1 1 1 1 1 1 1 1 1 1 1
Case #417: 18 8 3 3 3 3 3 3 3 3 1 1 1 1 1 1 1 1 1
Case #418: 11 8 7 6 3 3 3 3 3 3 1 1
Case #419: 4 24 7 7 3
Case #420: 23 17 3 1 1 1 1 1 1 1 1 1 1 1 1 1 1 1 1 1 1 1 1 1
Case #421: 9 6 6 6 6 4 4 4 4 1
Case #422: 12 12 5 5 5 5 3 1 1 1 1 1 1
Case #423: 17 4 4 4 4 4 4 4 4 1 1 1 1 1 1 1 1 1
Case #424: 8 8 8 8 5 5 3 3 1
Case #425: 7 12 8 8 7 4 1 1
Case #426: 11 7 6 6 5 4 4 4 2 1 1 1
Case #427: 11 8 7 6 5 5 5 1 1 1 1 1
Case #428: 7 9 8 8 5 5 5 1
Case #429: 14 27 2 1 1 1 1 1 1 1 1 1 1 1 1
Case #430: -1
Case #431: 10 32 1 1 1 1 1 1 1 1 1
Case #432: 8 8 6 6 5 5 5 3 3
Case #433: 4 22 14 3 2
Case #434: 6 15 13 9 2 1 1
Case #435: 3 18 15 8
Case #436: 2 39 2
Case #437: 5 13 12 9 6 1
Case #438: 10 12 7 7 7 3 1 1 1 1 1
Case #439: 10 8 7 5 5 5 5 3 1 1 1
Case #440: -1
Case #441: 12 30 1 1 1 1 1 1 1 1 1 1 1
Case #442: 4 24 11 3 3
Case #443: -1
Case #444: 4 18 14 5 4
Case #445: 5 12 12 10 5 2
Case #446: 6 15 11 8 4 2 1
Case #447: 4 16 10 10 5
Case #448: 14 28 1 1 1 1 1 1 1 1 1 1 1 1 1
Case #449: -1
Case #450: 9 6 6 5 5 5 5 4 4 1
Case #451: 2 32 9
Case #452: 8 9 8 8 5 5 4 1 1
Case #453: -1
Case #454: 10 6 5 5 5 5 4 4 4 2 1
Case #455: -1
Case #456: 9 15 11 8 2 1 1 1 1 1
Case #457: 7 8 7 7 7 7 3 2
Case #458: -1
Case #459: -1
Case #460: -1
Case #461: 7 26 9 2 1 1 1 1
Case #462: 5 11 10 9 7 4
Case #463: 13 6 6 4 4 4 4 4 4 1 1 1 1 1
Case #464: 7 10 10 8 8 3 1 1
Case #465: 8 7 7 6 6 6 4 4 1
Case #466: -1
Case #467: -1
Case #468: 13 27 3 1 1 1 1 1 1 1 1 1 1 1
Case #469: 6 11 11 8 7 3 1
Case #470: 3 24 14 3
Case #471: 7 27 7 3 1 1 1 1
Case #472: 10 7 6 5 5 4 4 4 4 1 1
Case #473: -1
Case #474: -1
Case #475: 7 12 10 9 5 3 1 1
Case #476: 15 5 4 4 4 4 4 4 4 2 1 1 1 1 1 1
Case #477: 16 8 5 3 3 3 3 3 3 3 1 1 1 1 1 1 1
Case #478: 12 6 6 5 4 4 4 4 4 1 1 1 1
Case #479: 6 12 9 9 5 5 1
Case #480: 4 18 11 9 3
Case #481: 4 20 14 6 1
Case #482: 19 22 2 1 1 1 1 1 1 1 1 1 1 1 1 1 1 1 1 1
Case #483: -1
Case #484: -1
Case #485: 10 12 7 5 5 5 3 1 1 1 1
Case #486: 7 35 1 1 1 1 1 1
Case #487: 3 38 2 1
Case #488: 6 10 9 9 9 3 1
Case #489: 3 30 10 1
Case #490: 5 37 1 1 1 1
Case #491: 8 31 4 1 1 1 1 1 1
Case #492: -1
Case #493: 19 17 7 1 1 1 1 1 1 1 1 1 1 1 1 1 1 1 1 1
Case #494: 10 8 8 6 3 3 3 3 3 3 1
Case #495: 13 7 6 6 5 3 3 3 3 1 1 1 1 1
Case #496: 6 11 9 8 8 3 2
Case #497: 14 5 4 4 4 3 3 3 3 3 3 3 1 1 1
Case #498: 4 25 11 4 1
Case #499: -1
Case #500: -1
Case #501: 10 30 3 1 1 1 1 1 1 1 1
Case #502: 6 9 8 8 8 7 1
Case #503: -1
Case #504: 11 7 7 6 6 3 3 3 3 1 1 1
Case #505: 10 31 2 1 1 1 1 1 1 1 1
Case #506: -1
Case #507: 4 16 11 11 3
Case #508: 6 10 8 8 7 6 2
Case #509: 8 33 2 1 1 1 1 1 1
Case #510: -1
Case #511: 10 29 4 1 1 1 1 1 1 1 1
Case #512: 6 24 5 5 5 1 1
Case #513: -1
Case #514: -1
Case #515: 9 31 3 1 1 1 1 1 1 1
Case #516: 9 6 6 6 5 5 4 4 4 1
Case #517: -1
Case #518: 6 12 12 10 3 3 1
Case #519: -1
Case #520: -1
Case #521: 10 7 6 5 5 5 5 3 3 1 1
Case #522: 9 8 8 5 5 5 5 3 1 1
Case #523: 4 17 13 8 3
Case #524: -1
Case #525: 6 22 9 7 1 1 1
Case #526: 5 17 16 5 2 1
Case #527: 13 8 7 6 3 3 3 3 3 1 1 1 1 1
Case #528: 6 10 8 8 8 6 1
Case #529: 11 9 8 8 7 3 1 1 1 1 1 1
Case #530: 4 20 16 3 2
Case #531: 9 12 12 8 4 1 1 1 1 1
Case #532: -1
Case #533: 13 5 5 5 4 4 4 4 4 2 1 1 1 1
Case #534: -1
Case #535: -1
Case #536: 8 9 9 7 7 6 1 1 1
Case #537: 7 8 8 6 6 5 5 3
Case #538: -1
Case #539: 4 20 11 7 3
Case #540: 6 10 8 7 7 7 2
Case #541: 15 8 6 5 3 3 3 3 3 1 1 1 1 1 1 1
Case #542: 7 16 11 9 2 1 1 1
Case #543: 6 9 8 8 7 7 2
Case #544: 9 12 12 5 5 3 1 1 1 1
Case #545: -1
Case #546: -1
Case #547: -1
Case #548: -1
Case #549: 6 9 9 8 5 5 5
Case #550: 12 16 7 7 3 1 1 1 1 1 1 1 1
Case #551: -1
Case #552: 9 8 7 7 6 5 3 3 1 1
Case #553: 5 14 10 8 8 1
Case #554: 10 6 6 6 5 4 4 4 4 1 1
Case #555: -1
Case #556: 9 8 6 5 5 5 5 5 1 1
Case #557: -1
Case #558: -1
Case #559: 5 12 10 10 5 4
Case #560: -1
Case #561: 13 5 5 4 4 4 4 3 3 3 3 1 1 1
Case #562: 6 9 9 8 7 5 3
Case #563: 9 14 10 8 4 1 1 1 1 1
Case #564: 9 14 10 5 5 3 1 1 1 1
Case #565: -1
Case #566: -1
Case #567: -1
Case #568: -1
Case #569: 3 36 3 2
Case #570: 11 29 3 1 1 1 1 1 1 1 1 1
Case #571: 6 12 9 9 9 1 1
Case #572: -1
Case #573: 9 7 6 5 5 5 4 4 4 1
Case #574: 39 3 1 1 1 1 1 1 1 1 1 1 1 1 1 1 1 1 1 1 1 1 1 1 1 1 1 1 1 1 1 1 1 1 1 1 1 1 1 1
Case #575: -1
Case #576: 5 10 9 8 7 7
Case #577: -1
Case #578: -1
Case #579: 12 6 5 5 5 3 3 3 3 3 3 1 1
Case #580: 6 8 8 8 8 8 1
Case #581: 4 24 7 5 5
Case #582: 8 8 8 7 5 5 5 2 1
Case #583: 6 36 1 1 1 1 1
Case #584: -1
Case #585: 25 15 3 1 1 1 1 1 1 1 1 1 1 1 1 1 1 1 1 1 1 1 1 1 1 1
Case #586: 8 26 7 3 1 1 1 1 1
Case #587: -1
Case #588: 14 6 5 4 4 4 4 4 4 1 1 1 1 1 1
Case #589: 11 6 6 5 5 4 4 4 4 1 1 1
Case #590: 5 20 13 5 2 1
Case #591: -1
Case #592: 4 17 16 7 1
Case #593: 6 34 3 1 1 1 1
Case #594: -1
Case #595: 7 8 8 8 8 5 3 1
Case #596: 5 13 12 10 3 3
Case #597: 16 6 5 3 3 3 3 3 3 3 3 1 1 1 1 1 1
Case #598: -1
Case #599: -1
Case #600: 5 24 11 4 1 1
Case #601: 6 24 9 3 3 1 1
Case #602: 8 9 8 8 7 5 2 1 1
Case #603: 3 24 11 6
Case #604: 19 5 3 3 3 3 3 3 3 3 3 1 1 1 1 1 1 1 1 1
Case #605: 16 21 6 1 1 1 1 1 1 1 1 1 1 1 1 1 1
Case #606: 5 14 14 5 5 3
Case #607: 8 9 7 7 5 5 5 2 1
Case #608: -1
Case #609: 5 12 12 12 3 2
Case #610: -1
Case #611: 9 7 6 6 5 4 4 4 4 1
Case #612: 5 10 10 10 7 4
Case #613: -1
Case #614: 8 8 7 7 7 7 3 1 1
Case #615: 6 12 12 7 7 2 1
Case #616: 38 4 1 1 1 1 1 1 1 1 1 1 1 1 1 1 1 1 1 1 1 1 1 1 1 1 1 1 1 1 1 1 1 1 1 1 1 1 1
Case #617: 10 9 8 8 8 3 1 1 1 1 1
Case #618: 18 24 1 1 1 1 1 1 1 1 1 1 1 1 1 1 1 1 1
Case #619: 4 12 12 10 7
Case #620: -1
Case #621: 9 8 7 6 5 5 3 3 3 1
Case #622: 6 18 15 3 3 1 1
Case #623: 7 32 4 1 1 1 1 1
Case #624: 10 10 10 7 7 2 1 1 1 1 1
Case #625: 14 5 5 4 4 3 3 3 3 3 3 2 1 1 1
Case #626: 6 12 9 5 5 5 5
Case #627: -1
Case #628: -1
Case #629: 10 12 11 9 3 1 1 1 1 1 1
Case #630: -1
Case #631: 15 6 4 4 4 4 4 4 4 1 1 1 1 1 1 1
Case #632: -1
Case #633: 5 12 10 10 7 2
Case #634: 16 22 5 1 1 1 1 1 1 1 1 1 1 1 1 1 1
Case #635: -1
Case #636: 4 30 7 3 1
Case #637: -1
Case #638: -1
Case #639: 11 6 6 6 6 4 4 4 2 1 1 1
Case #640: 14 6 4 4 4 4 4 4 4 2 1 1 1 1 1
Case #641: -1
Case #642: 6 10 9 9 8 3 2
Case #643: 13 13 11 7 1 1 1 1 1 1 1 1 1 1
Case #644: -1
Case #645: 12 6 4 4 4 4 4 4 4 4 1 1 1
Case #646: -1
Case #647: 11 6 5 4 4 4 4 4 4 4 1 1
Case #648: 11 7 7 6 4 4 4 4 2 1 1 1
Case #649: 3 19 17 5
Case #650: -1
Case #651: 6 16 13 5 5 1 1
Case #652: 7 9 8 7 7 5 4 1
Case #653: 6 12 12 8 7 1 1
Case #654: -1
Case #655: 6 14 8 8 8 2 1
Case #656: 9 27 5 3 1 1 1 1 1 1
Case #657: -1
Case #658: 11 6 6 5 5 5 3 3 3 3 1 1
Case #659: -1
Case #660: -1
Case #661: 6 12 7 7 7 5 3
Case #662: -1
Case #663: 5 12 9 7 7 6
Case #664: 6 10 9 7 5 5 5
Case #665: 6 16 11 9 3 1 1
Case #666: 5 16 14 5 5 1
Case #667: 8 8 5 5 5 5 5 5 3
Case #668: -1
Case #669: -1
Case #670: 9 32 2 1 1 1 1 1 1 1
Case #671: -1
Case #672: 2 36 5
Case #673: 7 9 9 8 8 4 2 1
Case #674: 7 9 8 7 7 7 2 1
Case #675: 6 15 9 9 6 1 1
Case #676: 6 24 11 3 1 1 1
Case #677: 5 15 10 10 4 2
Case #678: 3 32 5 4
Case #679: 13 7 6 5 4 4 4 4 2 1 1 1 1 1
Case #680: 5 14 14 11 1 1
Case #681: 23 13 7 1 1 1 1 1 1 1 1 1 1 1 1 1 1 1 1 1 1 1 1 1
Case #682: 5 12 11 10 7 1
Case #683: -1
Case #684: 5 28 9 2 1 1
Case #685: -1
Case #686: 10 6 6 5 5 5 4 4 4 1 1
Case #687: 11 12 10 5 5 3 1 1 1 1 1 1
Case #688: -1
Case #689: 3 27 7 7
Case #690: 3 17 13 11
Case #691: 10 8 8 8 3 3 3 3 3 1 1
Case #692: -1
Case #693: 12 7 6 6 4 4 4 4 2 1 1 1 1
Case #694: 9 7 7 6 6 4 4 4 2 1
Case #695: -1
Case #696: 11 6 4 4 4 4 4 4 4 4 2 1
Case #697: 6 16 12 9 2 1 1
Case #698: -1
Case #699: 23 19 1 1 1 1 1 1 1 1 1 1 1 1 1 1 1 1 1 1 1 1 1 1
Case #700: -1
Case #701: -1
Case #702: 8 8 8 7 6 5 5 1 1
Case #703: 12 12 9 5 5 3 1 1 1 1 1 1 1
Case #704: 9 8 8 7 5 5 3 3 1 1
Case #705: 7 8 8 8 8 7 1 1
Case #706: 6 11 10 10 7 2 1
Case #707: -1
Case #708: 5 19 19 1 1 1
Case #709: 14 7 4 4 4 4 4 4 4 1 1 1 1 1 1
Case #710: 7 9 9 9 8 4 1 1
Case #711: 8 8 7 6 6 5 5 3 1
Case #712: 13 8 6 3 3 3 3 3 3 3 3 1 1 1
Case #713: 5 32 6 1 1 1
Case #714: 4 16 13 10 2
Case #715: -1
Case #716: -1
Case #717: 9 7 6 6 5 5 5 4 2 1
Case #718: -1
Case #719: -1
Case #720: 5 16 12 9 3 1
Case #721: 7 12 11 9 6 1 1 1
Case #722: 16 4 4 4 4 3 3 3 3 3 3 2 1 1 1 1 1
Case #723: -1
Case #724: -1
Case #725: -1
Case #726: 6 35 2 1 1 1 1
Case #727: 3 20 14 7
Case #728: 5 15 15 7 3 1
Case #729: 8 9 9 9 9 2 1 1 1
Case #730: 21 17 5 1 1 1 1 1 1 1 1 1 1 1 1 1 1 1 1 1 1 1
Case #731: 4 19 16 5 1
Case #732: 4 38 1 1 1
Case #733: 7 8 8 8 6 5 3 3
Case #734: 4 37 2 1 1
Case #735: 14 7 6 4 4 4 4 4 2 1 1 1 1 1 1
Case #736: -1
Case #737: -1
Case #738: -1
Case #739: -1
Case #740: 8 7 7 7 6 5 4 4 1
Case #741: -1
Case #742: 12 6 6 4 4 4 4 4 4 2 1 1 1
Case #743: 25 17 1 1 1 1 1 1 1 1 1 1 1 1 1 1 1 1 1 1 1 1 1 1 1 1
Case #744: 8 10 10 8 8 2 1 1 1
Case #745: -1
Case #746: -1
Case #747: 12 6 5 5 5 4 4 4 4 1 1 1 1
Case #748: 12 8 7 7 3 3 3 3 3 1 1 1 1
Case #749: -1
Case #750: 6 8 8 8 7 7 3
Case #751: -1
Case #752: 11 7 6 5 4 4 4 4 4 1 1 1
Case #753: 21 11 11 1 1 1 1 1 1 1 1 1 1 1 1 1 1 1 1 1 1 1
Case #754: 9 16 10 5 5 1 1 1 1 1
Case #755: -1
Case #756: 5 14 12 5 5 5
Case #757: -1
Case #758: 14 16 5 5 5 1 1 1 1 1 1 1 1 1 1
Case #759: 12 8 5 5 5 3 3 3 3 3 1 1 1
Case #760: 9 9 8 8 8 4 1 1 1 1
Case #761: -1
Case #762: -1
Case #763: 8 16 11 7 3 1 1 1 1
Case #764: 8 32 3 1 1 1 1 1 1
Case #765: 8 6 6 6 5 5 5 4 4
Case #766: 29 13 1 1 1 1 1 1 1 1 1 1 1 1 1 1 1 1 1 1 1 1 1 1 1 1 1 1 1 1
Case #767: -1
Case #768: 6 12 12 10 5 1 1
Case #769: 6 16 16 5 2 1 1
Case #770: 9 16 16 3 1 1 1 1 1 1
Case #771: 5 27 8 4 1 1
Case #772: 6 10 9 7 7 6 2
Case #773: -1
Case #774: -1
Case #775: -1
Case #776: -1
Case #777: 6 18 7 5 5 5 1
Case #778: -1
Case #779: 11 8 8 6 6 3 3 3 1 1 1 1
Case #780: 5 14 11 10 3 3
Case #781: 8 8 8 6 5 5 5 3 1
Case #782: -1
Case #783: -1
Case #784: 11 6 6 6 4 4 4 4 4 1 1 1
Case #785: 8 20 9 7 1 1 1 1 1
Case #786: -1
Case #787: 7 8 8 7 6 6 3 3
Case #788: 7 33 3 1 1 1 1 1
Case #789: -1
Case #790: 9 30 4 1 1 1 1 1 1 1
Case #791: 12 8 6 6 3 3 3 3 3 3 1 1 1
Case #792: 11 27 5 1 1 1 1 1 1 1 1 1
Case #793: 4 16 16 7 2
Case #794: -1
Case #795: 6 11 10 9 5 5 1
Case #796: 4 15 12 12 2
Case #797: 8 8 8 6 5 5 3 3 3
Case #798: 10 8 8 7 5 5 4 1 1 1 1
Case #799: 4 18 15 7 1
Case #800: 4 15 12 11 3
Case #801: 5 12 12 11 5 1
Case #802: 6 16 7 7 7 3 1
Case #803: -1
Case #804: 10 14 9 5 5 3 1 1 1 1 1
Case #805: -1
Case #806: 10 8 6 6 5 3 3 3 3 3 1
Case #807: -1
Case #808: 6 10 10 9 7 3 2
Case #809: 40 2 1 1 1 1 1 1 1 1 1 1 1 1 1 1 1 1 1 1 1 1 1 1 1 1 1 1 1 1 1 1 1 1 1 1 1 1 1 1 1
Case #810: 12 6 5 5 4 4 4 4 4 2 1 1 1
Case #811: 6 12 9 7 7 5 1
Case #812: 12 7 6 4 4 4 4 4 4 1 1 1 1
Case #813: 10 6 6 4 4 4 4 4 4 4 1
Case #814: 13 8 8 5 3 3 3 3 3 1 1 1 1 1
Case #815: 9 8 8 6 5 5 5 2 1 1
Case #816: 7 14 12 9 3 1 1 1
Case #817: 13 28 2 1 1 1 1 1 1 1 1 1 1 1
Case #818: 6 12 9 7 5 5 3
Case #819: 12 5 4 4 4 4 4 4 4 4 2 1 1
Case #820: 28 14 1 1 1 1 1 1 1 1 1 1 1 1 1 1 1 1 1 1 1 1 1 1 1 1 1 1 1
Case #821: -1
Case #822: 11 30 2 1 1 1 1 1 1 1 1 1
Case #823: 4 16 14 9 2
Case #824: 10 8 6 6 5 5 3 3 3 1 1
Case #825: 5 9 9 9 9 5
Case #826: 6 11 9 9 8 3 1
Case #827: -1
Case #828: -1
Case #829: 10 18 9 7 1 1 1 1 1 1 1
Case #830: 6 9 8 8 7 5 4
Case #831: 12 7 5 5 4 4 4 4 4 1 1 1 1
Case #832: 7 19 17 1 1 1 1 1
Case #833: -1
Case #834: -1
Case #835: -1
Case #836: -1
Case #837: 5 10 9 9 9 4
Case #838: 10 7 6 5 4 4 4 4 4 2 1
Case #839: 31 11 1 1 1 1 1 1 1 1 1 1 1 1 1 1 1 1 1 1 1 1 1 1 1 1 1 1 1 1 1 1
Case #840: -1
Case #841: 7 17 11 5 5 1 1 1
Case #842: -1
Case #843: 13 8 6 5 5 3 3 3 3 1 1 1 1 1
Case #844: 17 23 3 1 1 1 1 1 1 1 1 1 1 1 1 1 1 1
Case #845: 5 12 10 8 7 4
Case #846: 8 9 8 5 5 5 5 3 1
Case #847: 7 12 10 5 5 5 3 1
Case #848: -1
Case #849: -1
Case #850: -1
Case #851: 7 9 8 8 7 6 2 1
Case #852: -1
Case #853: 11 28 4 1 1 1 1 1 1 1 1 1
Case #854: 5 11 11 8 8 3
Case #855: -1
Case #856: 33 9 1 1 1 1 1 1 1 1 1 1 1 1 1 1 1 1 1 1 1 1 1 1 1 1 1 1 1 1 1 1 1 1
Case #857: 9 7 7 6 4 4 4 4 4 1
Case #858: 25 13 5 1 1 1 1 1 1 1 1 1 1 1 1 1 1 1 1 1 1 1 1 1 1 1
Case #859: 5 30 7 2 1 1
Case #860: -1
Case #861: 11 4 4 4 4 4 4 4 4 4 4 1
Case #862: 5 11 8 8 8 6
Case #863: 3 18 16 7
Case #864: 11 6 6 5 5 5 5 3 3 1 1 1
Case #865: 6 9 9 8 8 5 2
Case #866: -1
Case #867: 11 14 9 9 2 1 1 1 1 1 1 1
Case #868: -1
Case #869: 9 8 6 5 5 5 3 3 3 3
Case #870: 6 8 8 7 7 6 5
Case #871: 6 16 9 9 3 3 1
Case #872: 10 16 5 5 5 5 1 1 1 1 1
Case #873: 4 15 15 8 3
Case #874: 7 8 8 8 8 3 3 3
Case #875: -1
Case #876: 4 25 12 3 1
Case #877: 8 12 8 8 8 2 1 1 1
Case #878: 4 24 9 7 1
Case #879: 8 9 8 7 7 6 2 1 1
Case #880: 9 8 8 8 6 3 3 3 1 1
Case #881: 7 8 8 8 6 5 5 1
Case #882: 12 29 2 1 1 1 1 1 1 1 1 1 1
Case #883: 4 24 14 2 1
Case #884: 5 12 10 7 7 5
Case #885: 5 20 10 5 5 1
Case #886: 6 12 11 8 8 1 1
Case #887: 4 15 15 7 4
Case #888: -1
Case #889: 6 14 12 8 4 2 1
Case #890: 7 7 7 6 6 6 5 4
Case #891: 10 10 9 5 5 5 3 1 1 1 1
Case #892: 8 6 6 6 6 5 4 4 4
Case #893: 5 18 16 4 2 1
Case #894: -1
Case #895: 18 23 2 1 1 1 1 1 1 1 1 1 1 1 1 1 1 1 1
Case #896: -1
Case #897: -1
Case #898: -1
Case #899: 20 21 2 1 1 1 1 1 1 1 1 1 1 1 1 1 1 1 1 1 1
Case #900: 10 10 8 8 8 2 1 1 1 1 1
Case #901: 6 8 8 8 8 6 3
Case #902: 11 7 6 6 5 3 3 3 3 3 1 1
Case #903: 6 13 12 7 5 3 1
Case #904: 5 12 10 9 7 3
Case #905: 7 12 12 9 5 1 1 1
Case #906: -1
Case #907: 8 8 7 6 6 5 3 3 3
Case #908: 2 40 1
Case #909: 11 8 7 5 5 5 5 2 1 1 1 1
Case #910: -1
Case #911: 6 9 9 8 8 6 1
Case #912: -1
Case #913: 17 22 4 1 1 1 1 1 1 1 1 1 1 1 1 1 1 1
Case #914: 6 13 10 8 8 1 1
Case #915: 12 8 5 3 3 3 3 3 3 3 3 3 1
Case #916: -1
Case #917: -1
Case #918: -1
Case #919: 9 8 8 5 5 5 3 3 3 1
Case #920: 14 5 4 4 4 4 3 3 3 3 3 2 1 1 1
Case #921: -1
Case #922: -1
Case #923: 26 16 1 1 1 1 1 1 1 1 1 1 1 1 1 1 1 1 1 1 1 1 1 1 1 1 1
Case #924: 4 21 13 5 2
Case #925: 7 10 8 7 7 6 2 1
Case #926: -1
Case #927: 15 23 5 1 1 1 1 1 1 1 1 1 1 1 1 1
Case #928: -1
Case #929: 11 8 7 7 6 3 3 3 1 1 1 1
Case #930: 7 11 9 8 8 3 1 1
Case #931: -1
Case #932: -1
Case #933: -1
Case #934: 5 10 10 8 7 6
Case #935: 4 14 14 11 2
Case #936: -1
Case #937: 7 34 2 1 1 1 1 1
Case #938: -1
Case #939: -1
Case #940: 3 37 3 1
Case #941: 5 19 17 3 1 1
Case #942: -1
Case #943: 6 9 9 9 5 5 4
Case #944: 6 10 9 7 7 5 3
Case #945: -1
Case #946: 8 8 7 7 6 6 3 3 1
Case #947: 7 14 12 8 4 1 1 1
Case #948: -1
Case #949: -1
Case #950: 6 10 10 9 8 3 1
Case #951: 4 36 3 1 1
Case #952: -1
Case #953: 12 8 7 5 3 3 3 3 3 3 1 1 1
Case #954: 8 9 8 7 5 5 5 1 1
Case #955: 5 13 10 10 7 1
Case #956: -1
Case #957: 35 7 1 1 1 1 1 1 1 1 1 1 1 1 1 1 1 1 1 1 1 1 1 1 1 1 1 1 1 1 1 1 1 1 1 1
Case #958: 5 22 15 2 1 1
Case #959: 16 23 4 1 1 1 1 1 1 1 1 1 1 1 1 1 1
Case #960: -1
Case #961: 5 12 12 11 3 3
Case #962: 4 16 11 10 4
Case #963: 9 10 10 8 8 1 1 1 1 1
Case #964: -1
Case #965: 4 12 12 12 5
