965
1249
24576
48
810
157464
34944
12150
5
2310
5657
912
346742385
11085765
981028563
1215
4050
5760
1632
409342369
40824
999999999
105600
7560
14688
15680
245760
13500
396
12544
442368
50
1824
69984
9489
57024
5280
805306368
31590
5250
5616
576
57
35100
625433749
180000
55
54000
54432
69120
141120
125
7500
934
34020
6804
2592
189
32400
2340
16224
300000
89100
614400
517759
63
47628
49152
472392
665
9216
3864
50000
160
4158
67893369
15288
105
3024
466560
248832
987
27456
3375
52800
49500
2025
12672
20
168000
8087519
55296
81920
1440
117
646
92400
270000
103
21952
127
16000
2250
27
524880
8
552960
281250
49000
1800
700
13230
2520
116640
12870
214573
20000
94500
6000
7680
327680
118
7025
118800
4733
18000
322081025
13056
9827
69888
17550
3600
49896
240000
4914
28512
1600
2200
6552
18480
926315427
1500
459270
476014
85050
142560
48600
25
80
241920
40960
519
2940
25200
3509575
109
3120
1001604
2097152
2618049
20736
362880
93312
47
198450
31
32670
311040
186624
34300
21168
162000
5120
20480
106
291600
5073
11000
559
23040
954158175
48000
589833267
8400
108000
23100
14560
22
460800
1764
64800
3900
128000
224
18
85881
9900
36283838
170100
170
4800
48238
58800
25600
43740
6750
2400
96228
2906162
262440
139968
123
39600
6930
42120
79
118263990
1701
43
34
155520
21
388800
18240
33696
38400
257
15552
3960
448
104
26
17424
17920
70400
75
84480
96768
20160
408240
1741
131220
405000
1728
47473
64922375
441
31200
1836
15
89600
112896
15120
29250
42105
457481
302400
207360
126720
90720
57344
4374
108864
10260
8250
3360
8347
30240
1620
125440
104976
60480
28800
816
587234
24696
8976
75600
235200
193
5625
32076
23115571
7390
193536
2403381
74088
725573
217728
11340
368640
999999937
282791
18816
15876
103680
153600
13440
3645
6075
9600
30973
201600
95
3240
67584
33
3780
29952
34560
43680
9408
49
2100
53940
44550
393660
4655
2880
25920
19800
9504
84000
5767201
70235461
641
12240
52
6720
131
72
1
7938
3072
86400
8624
5297
163296
16128
176400
233280
145800
64512
9409159
72576
8316
88704
4896
86
30030
82268566
391
65610
524288
46080
23760
7392
4680
540
621008
1530
51030
967669583
15840
989447237
43200
27000
17820
5824
98
27216
92160
131980
782
23400
17280
2688
2070
24192
3264
36864
134400
5520
23
17640
7776
45360
4410
11232
10
50544
129600
4704
123480
340200
949106497
181440
71280
32000
7056
19440
200000
77
132300
84
50400
22176
94
101250
746803744
182250
6
136080
11264
174960
510205
29
52488
244944
3528
51
331776
22500
65536
115200
21504
161280
42000
72000
54
35640
32
324000
1848
3510
2160
78
8424
12348
105000
50688
30
2376
95040
5040
14400
10560
8000
28
80949857
360000
288
57600
8772
480000
983900459
2640
115248
18720
6541551
21383
468
27720
147456
19200
169344
39936
132000
81
20328
1008
567
268800
4539685
70200
16200
163840
87480
184320
24300
5346
1680
44
395
5601
31500
35
76
21870
300
37
124
998506315
119
279936
102060
38016
699840
1100
48510
33108
90
32256
4943
142884
62
34111
5808
53760
66
482421315
116
3000
47520
28080
93
345600
92317161
12960
99840
3312
236250
120000
5304
999999998
1386
2720
81648
30720
12096
1920
4608
42755209
256000
16524
7296
23814
172800
961175759
4620
54880
58320
3168
56448
10800
22950
38497
473
922505446
81000
2352
13680
105840
8960
276480
99000
150000
5721
7389
24000
40950
518400
68040
4480
10500
37440
994617
20592
118272
216
87
8748
41600
336000
3
44928
35280
71
24480
546750
32768
4200
112000
36
21840
45
546
6840
122880
230400
2600
91857
1904
102
6037
61440
14040
196830
107
8208
1056
1944
40320
1584
98415
126
14700
110250
15390
10368
29120
322560
28000
22464
57624
14112
4
13824
24
10080
673921
226800
2430
128
9800
583200
67500
474
362
3564
4488
98304
16320
16800
110
59
630
688978813
49280
165888
196608
697106497
38880
1001
42768
393216
97
491520
150528
1615
4560
5200
70560
8064
536870912
14336
405
63360
364500
83160
1817
61740
17136
31752
78750
4752
5600
375000
696
58054077
64
904152917
180
41472
49392
7290
792
12000
640
107520
2156
91
9240
9425
504
957262828
288000
9000
84579
1323
2431
124416
52416
129024
225792
168960
786432
3456
59136
19
1000000
64152
67200
8100
100800
28672
15400
32640
361
114688
23328
151200
314928
192
4160
7455307
33401221
252000
998244353
79548
5184
7128
373248
8550
9180
100696425
70
1960
4725
13122
85
1520
38
138240
74
86016
61966
56160
53
5044
164640
66528
294912
17
12800
54600
1671
192000
95256
122
75264
89
215040
121
4000
3371
21000
133650
2000
243000
18432
41580
35503
3696
96
432000
13
633
7200
2560
768
864
52920
64680
67
27184698
74880
15750
49920
62208
13860
144000
8826131
432255
221184
1260
986129769
145152
99
8015864
120
209952
135
3584
2736
24750
4320
259200
44800
1890
5940
7920
16464
194241
9450
653477439
349920
281
37800
2
307200
26460
172032
589824
77760
96000
4536
56
56700
655360
14
94770
60
4032
194400
32805
21384
11016
25002
1134
80640
179200
323
101
129
6399199
1000000000
29160
430080
11
900360029
4675
46464
97200
69
26880
135000
45000
4788
113
6765
48384
59400
112
23232
813
9
301056
65
420
25490988
1048576
33792
2016
202500
51840
79200
2268
19656
486000
94080
11664
10000
5400
110592
63180
900
12288
1512
42336
82944
76800
58
672
29400
5000
8448
6300
8660
10752
211680
33750
414720
2304
85536
46
5361
22848
226151256
42
10240
73728
306180
16380
22680
6480
78000
272160
40
70000
71805
31104
122877509
88
8320
787320
3157819
964532929
85712697
216000
622080
12768
73
16
2730
47040
47958485
115
8372259
63504
19008
29700
10710
31680
33600
4312
84240
68
34848
29484
111
969
501
72900
66150
7897861
127008
5376
76032
916855204
21600
108
938017885
204120
63000
9100
2707
7
660
92
7785
14256
7040
6400
83
8640
